# logA n_s theta_s_1e2 omega_b omega_cdm tau_reio A_planck
2.532196299999999790e-04 7.980572499999999221e-06 0.000000000000000000e+00 3.443437200000000195e-07 -1.668118799999999972e-06 1.155787599999999959e-04 1.117911099999999950e-05
7.980572499999999221e-06 1.908257799999999902e-05 0.000000000000000000e+00 2.954154100000000069e-07 -4.355854399999999845e-06 9.412983699999999233e-06 5.415550599999999606e-07
0.000000000000000000e+00 0.000000000000000000e+00 4.000000000000000084e-08 0.000000000000000000e+00 0.000000000000000000e+00 0.000000000000000000e+00 0.000000000000000000e+00
3.443437200000000195e-07 2.954154100000000069e-07 0.000000000000000000e+00 2.213998700000000088e-08 -1.178670299999999956e-07 2.580671500000000187e-07 1.535076400000000049e-08
-1.668118799999999972e-06 -4.355854399999999845e-06 0.000000000000000000e+00 -1.178670299999999956e-07 1.866492099999999974e-06 -2.963790299999999863e-06 -1.370488200000000073e-07
1.155787599999999959e-04 9.412983699999999233e-06 0.000000000000000000e+00 2.580671500000000187e-07 -2.963790299999999863e-06 6.200847600000000204e-05 -6.704950300000000522e-07
1.117911099999999950e-05 5.415550599999999606e-07 0.000000000000000000e+00 1.535076400000000049e-08 -1.370488200000000073e-07 -6.704950300000000522e-07 6.336944199999999663e-06
